/* Jeu de données */ 
231,22,466,-323,-520,-58,342,337,-109,513
231,22,466,-293,-520,-58,386,296,-127,372
260,22,466,-323,-471,-58,386,419,-91,419
260,20,414,-383,-520,-67,298,337,-145,466
260,18,466,-353,-520,-49,298,337,-145,372
260,22,414,-263,-471,-67,430,337,-109,372
289,22,310,-323,-520,-67,342,378,-163,419
231,20,362,-323,-520,-67,342,337,-127,419
202,20,414,-323,-471,-58,298,296,-145,419
289,22,518,-293,-520,-49,386,419,-127,513
231,20,466,-263,-520,-67,430,255,-163,466
231,24,414,-293,-471,-58,386,337,-145,419
231,20,414,-353,-569,-67,342,378,-145,466
202,20,518,-293,-422,-67,386,419,-145,466
289,20,414,-293,-569,-67,342,296,-127,466
202,24,414,-293,-520,-49,386,378,-127,325
260,22,414,-323,-569,-67,298,337,-109,372
289,18,414,-323,-520,-67,298,296,-163,466
289,18,414,-263,-569,-49,386,337,-127,513
260,24,518,-293,-471,-58,430,337,-145,419
231,24,414,-263,-422,-76,386,378,-145,466
202,22,414,-293,-520,-58,430,378,-127,513
231,22,414,-293,-422,-58,298,337,-145,466
260,24,414,-263,-422,-58,386,378,-145,466
260,22,466,-233,-520,-76,298,378,-145,419
289,22,362,-353,-569,-58,386,337,-145,466
260,22,466,-293,-520,-67,342,337,-163,466
260,18,518,-293,-569,-58,386,419,-163,419
289,16,414,-293,-520,-58,386,337,-127,419
231,24,414,-293,-520,-58,430,337,-163,372
231,20,466,-293,-471,-49,342,378,-127,419
260,18,466,-323,-520,-49,386,337,-145,466
260,18,414,-353,-520,-76,386,337,-109,513
260,22,414,-293,-520,-67,474,378,-109,419
260,18,414,-293,-520,-58,430,378,-127,466
173,22,414,-293,-471,-67,430,337,-163,372
231,22,414,-263,-471,-58,298,337,-127,466
231,24,518,-353,-471,-58,342,378,-127,466
231,20,414,-293,-618,-49,386,337,-91,419
202,24,414,-323,-422,-76,386,337,-145,372
289,20,414,-383,-471,-76,386,337,-109,372
289,20,414,-293,-520,-58,342,378,-127,466
231,18,414,-293,-569,-76,430,378,-127,419
173,20,466,-323,-471,-85,430,337,-145,419
231,18,466,-293,-422,-49,430,378,-127,466
289,18,414,-293,-471,-58,386,419,-127,372
289,18,414,-353,-520,-76,386,337,-145,419
231,24,414,-383,-471,-76,430,378,-163,466
289,20,570,-323,-520,-67,386,296,-145,419
231,20,362,-293,-471,-58,342,378,-127,325
260,16,414,-293,-471,-67,430,378,-127,466
289,24,414,-323,-520,-49,298,296,-163,466
260,22,466,-293,-520,-67,342,378,-145,466
289,20,466,-323,-471,-67,254,337,-127,325
260,20,518,-263,-520,-67,430,337,-181,419
202,22,414,-353,-520,-67,298,337,-145,513
260,22,414,-353,-422,-76,430,378,-109,466
289,22,414,-293,-471,-58,342,214,-109,419
202,20,466,-323,-520,-67,386,337,-163,419
260,24,414,-353,-569,-49,386,419,-109,513
260,24,518,-323,-569,-85,298,337,-145,419
231,18,362,-293,-520,-58,386,419,-109,419
202,16,414,-323,-471,-67,386,337,-109,419
173,20,414,-293,-471,-67,386,337,-145,419
260,22,362,-323,-520,-76,342,378,-127,513
231,14,466,-323,-569,-58,386,378,-145,419
289,22,466,-323,-471,-58,298,419,-163,466
260,18,414,-293,-520,-58,342,337,-145,419
289,20,518,-203,-471,-67,430,378,-127,419
231,22,518,-323,-471,-76,342,378,-127,419
231,20,466,-323,-422,-58,386,378,-163,466
260,22,362,-353,-471,-76,298,378,-145,419
260,22,414,-323,-569,-58,430,378,-127,419
260,22,466,-263,-471,-58,386,337,-109,466
260,22,362,-323,-520,-58,386,419,-127,466
231,20,518,-293,-471,-67,386,419,-163,466
289,18,414,-383,-520,-58,342,337,-145,419
231,20,466,-293,-618,-76,342,337,-145,372
318,18,570,-263,-471,-67,430,337,-109,419
231,18,518,-263,-520,-58,342,337,-163,419
231,22,414,-383,-471,-67,386,378,-127,466
173,22,518,-323,-569,-49,386,378,-127,466
173,22,518,-263,-471,-67,342,296,-127,513
231,22,466,-353,-569,-58,474,378,-163,513
260,22,414,-293,-569,-49,386,337,-163,466
231,22,518,-263,-520,-76,342,337,-145,466
260,24,362,-293,-471,-58,386,378,-127,466
289,22,414,-293,-520,-58,430,337,-163,466
231,22,518,-293,-422,-58,386,337,-145,466
260,20,518,-263,-471,-49,386,378,-181,419
260,22,414,-323,-422,-58,386,296,-145,560
260,18,414,-293,-569,-58,342,419,-145,466
231,24,466,-353,-422,-49,386,337,-127,513
260,22,570,-293,-569,-58,430,378,-127,419
231,16,414,-383,-520,-58,386,419,-145,372
202,20,518,-323,-520,-58,342,296,-127,466
202,16,466,-263,-520,-58,386,419,-127,560
231,22,466,-293,-520,-49,430,296,-127,466
260,20,518,-293,-618,-67,386,337,-127,466
202,20,414,-323,-422,-67,298,296,-127,419
260,20,466,-323,-471,-67,342,337,-163,419
289,18,518,-293,-520,-58,386,337,-163,419
260,22,362,-293,-569,-49,430,378,-145,419
173,22,414,-293,-471,-58,386,378,-109,419
202,22,414,-293,-569,-67,342,296,-145,466
231,22,414,-383,-471,-58,474,337,-145,372
260,20,414,-353,-422,-58,298,378,-145,466
260,24,362,-323,-520,-67,342,378,-145,513
260,18,414,-323,-520,-76,430,337,-145,513
231,20,414,-263,-520,-76,386,419,-91,372
231,22,570,-323,-422,-67,386,337,-109,466
231,20,414,-323,-569,-76,386,378,-127,419
231,18,414,-323,-569,-76,342,378,-127,513
318,24,466,-293,-471,-58,386,378,-109,325
202,22,362,-353,-520,-58,386,337,-127,419
260,20,414,-293,-520,-67,342,419,-127,419
260,24,518,-323,-422,-49,342,337,-145,419
231,18,466,-293,-471,-76,342,378,-145,419
260,20,466,-293,-520,-49,342,337,-181,513
231,20,414,-323,-569,-67,430,378,-127,419
202,24,466,-323,-422,-67,342,378,-109,372
289,24,362,-293,-520,-67,386,378,-145,466
231,20,414,-263,-471,-58,342,337,-127,513
260,20,362,-323,-569,-67,342,378,-145,513
231,22,466,-323,-471,-58,386,378,-109,466
202,22,310,-323,-471,-67,342,337,-145,419
260,22,362,-323,-618,-67,386,378,-163,466
260,22,362,-263,-373,-58,342,501,-127,466
231,20,466,-263,-520,-49,342,337,-109,372
231,20,310,-323,-471,-67,254,378,-145,466
318,16,466,-293,-618,-76,342,378,-145,560
289,20,414,-263,-569,-49,386,337,-145,466
202,20,414,-323,-471,-58,342,419,-163,466
260,20,414,-263,-520,-49,430,419,-145,419
173,18,466,-353,-618,-58,342,419,-127,419
260,18,414,-353,-422,-76,474,419,-163,419
260,20,466,-323,-569,-67,342,419,-145,513
260,22,466,-323,-471,-76,342,337,-145,466
202,18,362,-293,-471,-49,430,337,-145,466
260,20,466,-323,-471,-76,298,378,-145,466
231,22,518,-383,-520,-58,386,337,-145,466
231,22,466,-323,-569,-58,342,378,-109,372
260,18,466,-293,-471,-58,298,378,-127,466
231,20,466,-353,-618,-49,342,337,-163,419
260,26,518,-323,-520,-67,342,337,-181,466
202,20,362,-323,-373,-49,342,419,-127,372
289,18,414,-353,-520,-67,386,337,-181,372
231,16,518,-293,-618,-58,298,337,-163,466
260,18,518,-323,-471,-67,342,378,-181,466
202,20,466,-293,-422,-67,342,419,-127,372
202,26,466,-323,-520,-58,430,296,-163,513
202,24,414,-323,-373,-58,298,337,-163,419
260,20,466,-323,-520,-67,386,337,-109,419
202,24,414,-293,-520,-49,386,337,-145,466
202,22,362,-263,-569,-58,386,419,-127,419
202,20,518,-293,-569,-67,430,255,-145,466
202,20,466,-293,-471,-58,342,337,-109,466
202,22,466,-323,-422,-67,342,378,-145,372
173,22,466,-263,-569,-67,386,378,-163,372
202,24,362,-323,-569,-76,386,419,-127,466
260,22,466,-353,-520,-58,342,337,-145,466
202,20,518,-263,-471,-67,386,378,-181,372
289,22,362,-293,-569,-67,342,419,-145,513
202,22,310,-353,-422,-49,342,296,-109,419
231,20,414,-203,-569,-49,386,296,-127,513
231,22,466,-293,-471,-67,342,337,-145,372
231,24,362,-323,-520,-49,430,337,-163,419
231,22,518,-293,-520,-67,342,419,-163,325
289,20,466,-263,-422,-76,298,255,-127,419
231,22,518,-323,-520,-67,386,378,-127,466
260,22,466,-353,-471,-58,430,296,-163,513
231,26,466,-293,-422,-49,386,378,-127,513
231,18,414,-293,-520,-58,342,419,-127,372
202,18,466,-263,-471,-76,386,378,-109,466
260,22,414,-323,-471,-58,386,337,-163,513
202,24,414,-293,-520,-67,474,337,-145,419
202,20,466,-323,-520,-58,430,255,-145,419
260,24,414,-383,-422,-49,342,419,-109,419
173,20,414,-353,-471,-58,342,337,-127,372
289,24,310,-263,-471,-67,386,337,-127,560
260,26,310,-293,-618,-49,386,337,-145,372
202,22,414,-293,-471,-58,342,337,-163,372
231,24,414,-323,-569,-49,298,337,-109,560
260,20,466,-323,-569,-67,342,378,-145,466
260,22,466,-293,-422,-49,342,337,-163,419
231,22,518,-383,-520,-85,386,337,-127,560
260,24,466,-323,-422,-67,342,378,-127,513
260,18,466,-293,-422,-67,342,296,-127,513
260,22,310,-293,-373,-58,386,419,-109,466
231,20,570,-293,-422,-67,342,337,-163,372
202,16,518,-353,-471,-58,342,460,-145,513
260,18,518,-353,-520,-58,342,337,-145,419
231,22,362,-323,-471,-58,386,378,-145,419
260,22,466,-323,-471,-58,430,337,-127,419
231,22,466,-323,-520,-76,342,337,-127,466
231,22,362,-293,-471,-67,342,378,-127,466
289,22,414,-293,-520,-58,430,460,-127,325
231,22,414,-263,-471,-67,342,378,-163,466
260,20,414,-263,-422,-76,386,419,-145,513
260,22,518,-353,-324,-67,342,378,-127,419
260,22,362,-293,-422,-76,342,378,-145,466
260,16,466,-323,-471,-58,342,378,-127,466
260,20,570,-263,-569,-58,430,337,-145,372
231,24,466,-353,-520,-67,430,378,-109,372
318,20,518,-293,-471,-49,386,337,-145,372
231,20,414,-263,-422,-40,298,419,-127,372
289,22,414,-263,-569,-58,342,419,-127,419
289,22,414,-293,-520,-58,342,378,-145,513
202,20,466,-323,-471,-67,298,337,-145,372
260,18,466,-323,-471,-67,298,337,-127,466
260,22,518,-293,-520,-58,386,337,-145,513
260,20,414,-353,-569,-67,430,378,-127,372
260,18,414,-323,-569,-58,342,296,-127,372
289,20,466,-293,-520,-40,386,296,-127,419
260,22,414,-293,-569,-58,342,378,-145,466
260,22,414,-353,-569,-58,342,378,-145,466
231,20,570,-323,-520,-49,430,255,-145,466
260,20,414,-293,-569,-67,386,378,-145,419
231,22,414,-293,-471,-58,386,337,-145,513
202,20,414,-293,-520,-49,386,337,-127,513
231,18,414,-233,-520,-76,342,378,-163,325
260,22,466,-323,-520,-76,298,337,-145,466
260,26,466,-233,-569,-40,342,419,-127,419
260,20,466,-323,-471,-49,298,419,-145,513
260,22,518,-293,-422,-58,342,296,-109,419
173,22,466,-293,-471,-67,342,378,-127,419
231,22,414,-353,-569,-67,342,378,-127,419
231,22,466,-293,-618,-67,342,337,-127,466
202,20,414,-293,-471,-58,342,337,-163,466
260,18,362,-293,-520,-67,386,378,-127,419
318,22,362,-293,-569,-67,298,296,-163,466
202,22,466,-323,-422,-67,342,378,-181,372
260,18,414,-353,-569,-67,342,378,-145,466
260,22,466,-293,-422,-76,386,337,-127,466
231,22,414,-263,-520,-76,386,296,-109,419
289,24,466,-263,-422,-67,386,419,-109,466
231,22,414,-293,-520,-58,386,419,-163,466
231,20,466,-353,-520,-49,298,419,-127,466
173,20,414,-263,-520,-85,342,419,-145,419
260,22,414,-263,-569,-58,386,378,-127,513
231,22,414,-263,-520,-49,298,419,-127,513
202,22,466,-263,-471,-58,386,337,-181,466
260,22,518,-263,-569,-67,342,419,-91,419
260,18,414,-293,-569,-49,430,378,-109,466
260,24,414,-293,-520,-58,430,337,-91,419
260,20,362,-353,-520,-58,386,378,-109,372
231,20,362,-293,-520,-67,430,378,-163,513
289,22,414,-293,-471,-58,342,419,-127,372
289,20,466,-353,-471,-67,386,419,-145,513
260,26,362,-353,-569,-58,254,378,-127,372
231,20,518,-263,-520,-76,342,378,-127,466
231,20,362,-323,-471,-58,386,378,-127,419
260,24,362,-293,-520,-67,342,337,-145,372
231,18,362,-293,-471,-76,298,378,-145,372
231,18,414,-353,-471,-58,386,378,-145,513
202,22,362,-263,-520,-67,298,337,-145,419
260,22,466,-353,-520,-58,386,378,-109,513
260,24,362,-323,-471,-76,298,296,-127,419
260,20,466,-293,-569,-58,386,255,-145,419
289,22,414,-323,-520,-58,342,378,-127,466
231,22,362,-293,-569,-67,342,337,-181,513
260,20,518,-383,-471,-49,342,419,-163,419
231,22,466,-263,-422,-58,342,296,-163,513
231,20,414,-323,-471,-76,430,378,-163,372
260,22,518,-323,-520,-58,386,255,-145,419
260,22,466,-353,-520,-49,386,337,-127,372
202,18,414,-323,-373,-58,298,337,-145,513
289,18,414,-353,-471,-58,386,296,-145,419
260,18,518,-293,-471,-76,342,337,-127,466
202,22,466,-293,-520,-58,342,419,-127,419
260,22,414,-293,-520,-58,342,337,-127,466
202,22,362,-323,-520,-67,342,378,-163,419
260,24,466,-323,-520,-58,430,378,-127,466
289,22,414,-293,-520,-58,342,378,-145,466
231,24,518,-263,-520,-58,430,378,-163,466
202,20,518,-263,-422,-58,386,419,-145,466
260,22,414,-323,-422,-67,342,337,-127,466
202,22,414,-353,-422,-67,342,337,-145,419
202,22,362,-293,-569,-58,430,378,-163,466
231,22,518,-293,-471,-58,342,296,-145,419
231,20,362,-293,-471,-67,386,419,-145,419
231,18,518,-293,-422,-58,430,337,-91,513
231,16,414,-263,-471,-58,298,378,-109,419
202,22,414,-383,-520,-85,430,378,-127,466
202,20,414,-293,-471,-85,342,337,-127,372
231,20,362,-293,-471,-67,342,337,-127,372
260,16,414,-293,-520,-58,386,378,-145,419
231,22,414,-293,-471,-85,298,296,-145,419
260,24,362,-323,-471,-76,386,296,-127,513
231,22,466,-353,-569,-76,298,337,-145,466
260,24,466,-263,-569,-67,342,378,-127,466
202,20,518,-293,-471,-58,474,296,-145,513
231,22,466,-293,-471,-67,386,419,-145,419
231,20,466,-323,-520,-58,342,419,-145,466
260,22,518,-323,-471,-58,430,419,-163,466
260,22,414,-293,-471,-76,298,378,-163,466
231,22,414,-323,-422,-58,298,337,-127,419
260,24,518,-293,-471,-67,342,378,-163,466
318,24,414,-353,-471,-58,342,337,-181,466
231,22,414,-263,-569,-49,342,419,-127,466
260,20,362,-263,-471,-40,298,296,-145,513
260,22,466,-293,-471,-58,430,378,-145,372
260,18,414,-293,-471,-76,342,296,-145,466
260,24,466,-293,-569,-76,474,296,-127,466
260,16,518,-263,-520,-76,386,296,-145,372
231,22,466,-263,-520,-67,430,378,-127,513
260,18,466,-263,-520,-67,386,378,-145,513
260,20,362,-293,-373,-58,342,378,-145,419
202,20,466,-263,-520,-58,386,378,-145,466
260,22,310,-263,-422,-58,386,296,-181,466
231,20,466,-263,-569,-67,298,419,-145,466
289,20,518,-353,-569,-67,342,296,-73,419
231,22,518,-263,-471,-67,386,378,-145,372
202,22,466,-353,-520,-67,342,378,-145,419
260,22,466,-353,-618,-49,298,378,-127,466
260,22,362,-293,-422,-67,342,460,-127,419
231,26,414,-293,-520,-67,430,337,-145,466
231,20,466,-353,-373,-58,386,378,-127,513
260,20,518,-353,-471,-40,386,378,-109,419
260,24,414,-293,-471,-58,430,419,-127,466
231,22,518,-293,-471,-67,342,378,-127,466
260,24,466,-293,-520,-49,386,419,-127,466
231,18,466,-293,-471,-58,342,337,-127,560
318,22,466,-323,-520,-58,342,378,-127,560
260,22,414,-263,-422,-67,386,337,-109,419
231,18,414,-353,-520,-49,430,337,-163,466
231,20,414,-323,-569,-67,298,378,-109,372
289,22,414,-323,-422,-58,386,337,-145,419
260,18,466,-293,-569,-67,298,419,-127,466
260,20,466,-353,-471,-58,342,378,-127,466
202,24,518,-293,-520,-67,386,378,-127,419
231,22,466,-263,-520,-58,342,337,-145,466
260,20,518,-323,-520,-58,386,419,-163,419
260,22,362,-323,-618,-76,342,337,-127,419
231,22,362,-263,-520,-58,386,419,-181,419
231,24,466,-293,-520,-49,342,419,-163,372
231,22,414,-323,-471,-58,342,378,-145,325
289,24,414,-323,-520,-67,430,460,-145,513
173,22,414,-233,-471,-58,298,378,-145,419
260,24,414,-293,-471,-67,430,378,-145,372
231,24,362,-293,-520,-58,386,419,-145,466
260,22,466,-293,-471,-49,386,337,-145,466
289,18,466,-233,-569,-76,386,337,-127,419
231,22,466,-263,-471,-49,342,419,-109,466
202,18,414,-293,-471,-58,342,378,-145,466
289,22,414,-353,-569,-67,342,378,-163,466
318,20,466,-323,-471,-67,386,419,-163,419
289,24,466,-323,-471,-58,386,378,-145,419
173,20,518,-293,-471,-67,298,337,-145,466
289,20,414,-323,-373,-67,342,337,-109,513
260,20,518,-293,-471,-67,342,378,-145,372
260,20,310,-323,-520,-58,342,378,-163,372
231,22,466,-233,-471,-67,342,378,-163,419
260,20,414,-323,-471,-40,342,296,-145,466
231,22,414,-233,-471,-67,342,337,-127,419
231,20,362,-293,-471,-58,386,337,-127,419
260,20,466,-323,-471,-67,386,419,-163,419
231,20,414,-323,-569,-49,430,378,-145,513
260,20,466,-323,-520,-58,386,337,-181,466
231,22,362,-323,-520,-58,342,296,-145,513
318,20,518,-323,-569,-58,430,337,-127,419
231,20,518,-353,-471,-49,298,460,-109,419
289,20,362,-353,-520,-58,342,337,-163,372
231,20,466,-353,-618,-76,342,378,-127,372
260,24,466,-293,-520,-58,342,296,-109,466
173,22,466,-263,-471,-67,298,378,-163,419
202,18,414,-383,-471,-76,342,378,-127,419
231,22,466,-293,-422,-67,386,378,-127,419
260,20,414,-263,-520,-76,386,378,-127,419
260,20,362,-353,-569,-76,298,378,-127,466
260,20,466,-293,-520,-76,298,378,-181,419
289,18,466,-323,-569,-67,342,296,-127,419
231,22,414,-263,-422,-76,474,337,-127,419
260,20,362,-293,-471,-58,342,378,-127,466
260,18,466,-323,-520,-76,298,337,-127,419
231,22,414,-293,-520,-76,386,337,-145,466
202,22,466,-263,-471,-49,430,337,-181,466
289,22,466,-323,-471,-67,298,296,-145,466
231,20,466,-293,-471,-76,386,337,-127,466
260,22,414,-263,-471,-76,430,296,-145,419
260,22,362,-233,-520,-58,342,337,-163,372
231,20,570,-323,-471,-58,474,337,-181,419
260,20,466,-323,-520,-67,386,419,-163,419
231,22,518,-293,-569,-58,342,378,-145,419
202,22,414,-383,-618,-67,386,337,-163,466
231,22,466,-293,-569,-76,386,378,-127,419
260,18,414,-383,-520,-40,430,337,-145,466
260,20,414,-353,-471,-67,474,337,-145,419
231,22,466,-293,-422,-67,386,378,-109,419
231,24,518,-323,-520,-67,386,419,-145,466
289,22,466,-353,-520,-67,342,337,-145,466
260,20,466,-353,-618,-67,386,378,-127,466
231,20,466,-353,-471,-58,342,337,-145,466
231,24,414,-263,-618,-49,342,419,-145,513
260,22,466,-293,-422,-67,342,378,-127,466
173,20,518,-263,-471,-76,386,419,-127,419
231,20,466,-323,-520,-49,298,378,-127,372
231,24,414,-353,-569,-58,342,419,-109,513
202,22,466,-383,-520,-67,298,337,-145,419
231,20,518,-353,-471,-76,298,378,-163,419
231,22,518,-263,-471,-58,342,378,-127,513
231,22,414,-263,-471,-58,430,296,-127,513
231,22,466,-263,-618,-76,342,419,-127,466
231,20,414,-323,-569,-49,386,378,-145,419
231,20,414,-293,-471,-58,342,337,-145,466
260,22,414,-323,-520,-76,386,337,-181,466
289,22,362,-263,-471,-67,386,419,-163,466
289,18,466,-293,-422,-58,430,337,-127,419
231,22,414,-323,-471,-67,342,337,-127,419
260,20,466,-293,-520,-58,342,337,-127,513
231,24,414,-293,-471,-49,386,419,-109,513
318,24,466,-323,-373,-67,342,378,-127,466
260,22,466,-293,-520,-67,430,378,-145,466
231,20,362,-323,-569,-58,386,378,-145,466
231,22,414,-293,-520,-58,430,419,-145,513
231,18,414,-293,-569,-67,386,296,-127,513
260,22,362,-293,-422,-67,430,296,-145,513
289,22,414,-293,-471,-58,342,378,-127,419
260,24,466,-323,-569,-49,298,378,-163,372
289,22,518,-293,-569,-67,386,337,-163,513
231,20,466,-353,-520,-76,254,419,-109,372
289,20,466,-383,-569,-67,386,419,-145,419
231,22,466,-293,-520,-67,386,337,-127,466
260,20,518,-263,-471,-58,430,337,-163,466
231,18,466,-293,-471,-58,386,337,-127,278
202,20,414,-323,-471,-49,430,337,-163,419
231,20,414,-353,-471,-67,342,337,-181,419
260,22,518,-353,-471,-58,342,378,-145,466
202,22,362,-263,-471,-67,342,419,-145,466
202,22,414,-293,-422,-58,386,296,-127,513
231,20,466,-293,-422,-58,430,378,-145,466
202,20,414,-293,-520,-49,386,378,-163,466
202,20,414,-293,-471,-58,386,337,-145,466
231,20,414,-323,-471,-58,298,337,-109,419
231,18,362,-293,-520,-49,342,296,-145,419
289,20,466,-323,-520,-49,386,337,-145,466
289,16,518,-293,-373,-49,342,419,-109,419
260,20,518,-323,-569,-67,298,337,-145,419
260,18,414,-323,-569,-49,386,419,-127,466
260,20,414,-323,-618,-67,298,296,-145,372
260,24,466,-383,-618,-58,254,296,-163,466
231,22,466,-353,-471,-76,298,419,-145,419
260,18,466,-263,-569,-76,386,378,-145,419
231,18,466,-323,-520,-67,386,378,-127,372
289,22,414,-293,-569,-67,474,337,-145,419
202,22,414,-323,-471,-58,386,337,-127,419
260,22,414,-293,-569,-76,342,378,-163,513
231,20,466,-323,-569,-58,298,378,-127,419
202,22,466,-293,-471,-58,386,378,-145,466
289,20,414,-293,-520,-67,386,378,-127,372
173,16,518,-323,-422,-49,386,378,-181,419
231,22,414,-293,-422,-67,342,337,-109,419
260,22,518,-323,-471,-67,430,337,-127,466
260,22,414,-263,-520,-40,386,419,-127,466
202,22,466,-293,-471,-67,386,337,-163,513
231,20,414,-323,-471,-76,430,419,-109,560
260,20,466,-323,-569,-67,386,378,-127,325
260,22,466,-293,-520,-58,430,337,-145,466
231,24,414,-293,-422,-67,342,419,-145,466
318,20,570,-293,-520,-58,386,378,-145,372
260,24,414,-293,-520,-58,298,296,-163,372
202,22,466,-383,-471,-67,342,255,-145,419
231,20,414,-293,-471,-58,386,337,-145,466
260,18,466,-263,-520,-58,342,419,-145,372
289,20,414,-293,-471,-67,342,296,-181,466
289,20,414,-233,-618,-58,386,337,-163,372
231,22,466,-323,-471,-58,342,337,-127,466
202,20,466,-263,-373,-67,298,378,-127,466
260,22,310,-293,-520,-49,298,337,-145,372
260,18,466,-203,-520,-40,342,337,-145,466
289,22,414,-323,-667,-49,342,419,-109,466
260,20,414,-323,-569,-58,298,460,-163,419
260,20,414,-323,-422,-58,298,296,-145,419
289,24,414,-323,-520,-58,342,378,-145,419
289,20,518,-263,-520,-76,298,296,-109,419
260,20,414,-323,-471,-67,342,337,-145,372
260,20,518,-353,-471,-58,298,337,-145,419
260,18,414,-323,-471,-58,298,296,-163,466
231,22,466,-293,-569,-58,298,419,-163,466
260,22,466,-293,-569,-49,430,378,-91,372
231,22,466,-323,-520,-67,386,378,-145,466
260,20,466,-323,-471,-67,342,337,-127,419
231,22,414,-293,-520,-67,386,296,-145,372
260,20,466,-293,-569,-85,342,337,-91,466
231,20,518,-323,-520,-67,474,296,-145,466
260,24,414,-263,-520,-58,342,337,-163,372
289,22,414,-293,-520,-58,430,378,-145,560
202,20,362,-323,-373,-58,386,378,-127,419
231,24,414,-293,-520,-76,430,419,-145,419
260,20,414,-263,-520,-58,386,337,-145,466
231,20,466,-263,-569,-85,342,337,-127,419
202,22,518,-353,-520,-85,386,378,-145,419
231,20,518,-293,-422,-49,342,378,-163,419
231,18,310,-323,-471,-67,342,378,-145,513
260,20,466,-293,-471,-58,298,378,-163,419
231,18,466,-293,-520,-67,386,337,-127,513
231,24,414,-323,-569,-58,474,419,-145,419
260,20,414,-383,-520,-67,430,337,-145,513
231,22,466,-323,-471,-49,342,419,-163,372
260,20,466,-323,-520,-58,386,419,-145,466
202,18,466,-323,-520,-67,386,296,-145,419
318,22,570,-293,-471,-67,386,419,-145,513
231,20,414,-323,-422,-58,342,296,-163,513
202,24,518,-323,-569,-49,342,419,-145,466
202,22,466,-323,-520,-76,342,337,-163,419
173,20,518,-293,-471,-67,386,296,-127,513
260,22,466,-263,-618,-58,386,337,-127,372
260,22,362,-263,-520,-58,430,337,-145,466
173,24,466,-323,-471,-67,386,337,-163,278
231,18,414,-323,-422,-67,386,419,-163,419
260,20,466,-263,-422,-49,386,296,-127,466
289,18,466,-323,-471,-58,342,378,-163,419
289,24,466,-323,-471,-58,342,378,-145,513
202,24,414,-293,-520,-58,474,378,-127,325
202,22,466,-263,-569,-49,474,337,-145,466
231,20,466,-323,-569,-58,342,378,-127,466
289,22,414,-353,-520,-67,298,378,-109,419
173,22,466,-323,-422,-58,386,419,-127,372
231,20,414,-323,-520,-67,386,296,-163,466
260,22,414,-323,-569,-58,386,337,-127,466
231,20,414,-263,-520,-58,298,296,-145,419
231,20,466,-323,-569,-58,386,378,-163,466
231,20,466,-323,-471,-58,254,378,-163,419
260,22,414,-323,-471,-58,342,255,-145,372
260,20,466,-353,-520,-67,430,419,-127,419
231,18,362,-293,-471,-76,386,378,-109,466
231,20,414,-323,-520,-76,342,337,-127,466
260,18,466,-353,-422,-58,430,337,-145,419
202,22,362,-293,-471,-58,386,460,-145,419
231,22,362,-263,-520,-58,342,378,-163,513
231,22,414,-323,-471,-67,342,378,-145,466
289,22,466,-323,-520,-58,386,419,-127,466
260,22,466,-323,-569,-67,430,296,-163,419
231,22,362,-323,-422,-40,342,296,-109,419
289,22,362,-263,-569,-58,342,337,-127,372
231,22,362,-263,-520,-49,386,296,-127,466
231,22,414,-323,-471,-67,342,419,-145,466
260,20,362,-293,-569,-49,386,337,-145,466
231,20,362,-323,-520,-67,386,378,-163,466
231,22,518,-323,-569,-58,342,419,-145,372
318,20,466,-353,-471,-67,298,337,-145,419
231,24,466,-263,-520,-76,430,337,-163,372
231,20,466,-233,-471,-67,298,378,-127,466
289,20,466,-293,-520,-67,386,337,-163,419
289,18,362,-323,-520,-58,386,378,-145,466
260,22,362,-263,-471,-67,430,337,-109,513
260,20,310,-293,-471,-76,342,419,-163,419
231,18,466,-323,-520,-85,342,337,-127,419
231,22,466,-293,-471,-58,386,296,-145,419
202,20,414,-323,-520,-58,386,296,-145,513
231,24,466,-293,-520,-49,254,378,-127,419
260,20,466,-293,-520,-58,298,378,-163,466
260,24,310,-353,-520,-49,430,419,-163,419
260,20,518,-353,-373,-40,386,337,-127,513
260,20,414,-353,-520,-67,342,337,-127,419
289,26,518,-353,-422,-67,430,337,-145,466
260,20,466,-293,-471,-67,342,419,-145,372
260,20,414,-323,-422,-58,342,296,-127,466
231,22,466,-323,-471,-67,386,337,-145,466
231,22,414,-293,-471,-49,386,337,-145,372
231,18,466,-323,-471,-58,474,378,-145,513
202,20,414,-263,-520,-58,386,419,-127,466
231,20,466,-263,-618,-58,430,378,-109,325
260,22,466,-323,-569,-67,342,337,-145,466
202,24,518,-323,-520,-58,298,337,-127,513
289,22,466,-293,-422,-67,430,337,-163,419
202,20,466,-293,-471,-58,342,419,-145,466
260,20,362,-293,-422,-67,386,337,-145,419
260,24,362,-233,-520,-67,298,378,-127,466
231,22,414,-323,-471,-67,386,378,-145,466
260,22,362,-263,-471,-76,430,419,-145,466
260,20,466,-353,-569,-49,342,337,-145,419
231,18,414,-263,-471,-58,342,378,-127,372
231,24,414,-353,-569,-58,342,337,-109,466
260,22,466,-293,-422,-67,342,337,-109,372
202,20,466,-323,-422,-67,474,337,-145,466
260,18,466,-323,-471,-58,386,337,-127,419
202,24,414,-323,-471,-58,430,378,-127,466
231,22,414,-323,-520,-58,342,460,-127,419
260,18,518,-353,-373,-76,342,378,-127,513
260,22,518,-353,-471,-58,342,337,-163,513
231,24,466,-263,-422,-76,430,378,-127,513
231,22,362,-323,-422,-49,342,378,-163,419
231,20,362,-353,-471,-76,342,378,-181,560
231,26,414,-293,-471,-49,386,337,-145,466
289,24,466,-353,-471,-58,342,337,-163,466
260,20,466,-323,-422,-67,342,337,-127,466
231,22,466,-293,-520,-58,254,419,-127,372
260,22,466,-353,-471,-76,298,296,-145,419
260,20,466,-323,-471,-58,342,378,-127,419
260,22,466,-293,-520,-67,342,296,-145,419
289,16,414,-293,-569,-67,298,378,-145,372
231,20,414,-263,-471,-67,342,378,-127,419
260,24,466,-353,-520,-67,386,296,-127,466
260,18,362,-323,-471,-67,342,337,-145,419
231,20,414,-293,-569,-49,386,378,-145,513
260,18,362,-323,-422,-49,298,378,-109,419
289,22,466,-293,-422,-58,430,419,-127,513
231,22,414,-233,-471,-49,342,337,-127,466
231,20,466,-323,-471,-76,386,378,-163,372
202,18,518,-323,-520,-76,430,337,-181,419
202,20,466,-323,-471,-67,342,378,-145,419
173,20,414,-353,-520,-76,386,296,-145,466
231,18,518,-293,-520,-76,298,378,-127,466
289,22,466,-233,-569,-49,342,378,-181,419
173,20,362,-323,-569,-67,342,337,-127,466
260,18,414,-323,-520,-49,342,419,-127,560
260,18,466,-293,-471,-58,298,296,-163,466
202,22,362,-323,-520,-76,386,255,-163,513
231,18,466,-353,-520,-85,386,378,-163,325
260,26,414,-293,-471,-49,386,337,-145,419
173,20,518,-323,-569,-85,342,337,-145,372
202,22,466,-293,-667,-49,298,337,-127,466
260,22,466,-293,-422,-67,386,296,-145,372
231,24,466,-323,-422,-49,342,419,-145,466
202,20,466,-353,-471,-58,386,337,-127,466
260,18,518,-293,-471,-67,298,337,-127,372
260,18,362,-293,-520,-76,386,378,-91,419
202,20,414,-263,-569,-58,342,337,-145,419
260,18,518,-263,-471,-49,342,337,-145,419
231,24,414,-323,-471,-49,342,337,-145,466
202,18,466,-323,-471,-67,386,296,-127,466
231,20,414,-293,-569,-58,342,337,-145,372
202,20,362,-323,-471,-58,342,378,-127,513
231,22,414,-353,-520,-49,342,378,-145,513
260,22,466,-323,-471,-67,298,337,-145,419
231,20,414,-293,-569,-67,386,419,-109,419
202,20,362,-263,-471,-67,342,337,-127,560
260,22,466,-263,-520,-67,386,296,-145,466
289,24,466,-293,-520,-58,342,378,-127,466
202,22,414,-353,-520,-67,386,337,-127,419
260,22,466,-323,-520,-49,430,296,-163,466
231,18,466,-293,-471,-67,386,296,-145,560
231,20,466,-323,-471,-67,342,419,-127,419
231,20,518,-263,-520,-49,342,337,-91,372
173,24,466,-263,-471,-67,386,337,-145,419
231,22,466,-323,-569,-76,430,337,-109,466
231,22,414,-353,-569,-49,342,378,-163,419
260,14,362,-293,-422,-58,386,378,-145,466
202,20,466,-353,-471,-49,298,378,-109,372
289,22,362,-353,-422,-67,386,337,-145,419
202,20,466,-353,-520,-58,342,378,-127,419
289,22,414,-323,-471,-67,342,337,-127,466
202,22,362,-263,-471,-85,342,419,-127,419
289,22,310,-353,-520,-85,254,296,-145,419
260,24,414,-323,-471,-76,342,337,-127,325
260,16,466,-353,-471,-58,298,378,-145,419
260,16,414,-353,-520,-76,342,460,-145,372
202,22,622,-293,-471,-49,342,378,-127,466
202,24,362,-293,-422,-76,342,296,-127,466
231,20,466,-323,-422,-58,386,337,-127,466
231,22,570,-323,-471,-58,298,296,-163,513
260,20,414,-323,-520,-58,430,296,-127,419
231,16,414,-323,-520,-40,386,296,-127,419
289,22,466,-323,-520,-49,430,296,-127,419
231,22,466,-323,-520,-58,342,337,-163,419
231,22,466,-353,-471,-67,342,337,-145,419
260,20,414,-293,-471,-67,474,337,-127,419
260,20,466,-323,-471,-58,386,296,-127,372
231,20,466,-293,-520,-58,298,419,-145,419
231,18,466,-323,-520,-76,430,337,-163,466
231,22,362,-323,-471,-67,430,419,-127,372
202,24,518,-263,-569,-58,342,337,-127,513
260,18,466,-323,-520,-67,386,296,-163,466
202,16,518,-263,-520,-67,386,378,-127,419
260,20,518,-293,-422,-40,386,337,-145,419
260,18,362,-323,-422,-58,342,337,-163,466
231,16,466,-263,-422,-58,386,378,-127,325
260,24,518,-323,-520,-67,430,337,-127,372
260,26,362,-323,-471,-58,298,337,-163,513
202,18,466,-383,-471,-67,342,378,-181,419
231,18,362,-323,-520,-76,386,337,-145,419
260,20,466,-263,-471,-58,386,296,-145,513
202,16,518,-293,-520,-58,430,378,-127,372
260,18,414,-323,-471,-67,386,419,-127,419
260,24,466,-263,-422,-67,342,419,-127,419
289,20,310,-323,-471,-49,342,419,-163,466
231,24,414,-353,-471,-67,474,337,-145,419
289,20,466,-353,-422,-67,386,378,-109,419
231,22,466,-353,-520,-49,342,337,-109,325
231,22,414,-323,-422,-76,386,378,-163,466
318,18,466,-293,-471,-58,342,419,-145,466
202,22,466,-353,-471,-67,386,378,-163,466
260,22,466,-263,-422,-76,386,337,-127,419
260,20,518,-323,-520,-49,298,419,-145,419
202,20,414,-353,-422,-67,386,419,-127,372
231,24,466,-263,-471,-67,430,419,-145,466
260,22,414,-353,-471,-67,342,337,-163,466
289,20,414,-323,-520,-58,342,378,-127,513
202,18,414,-293,-422,-58,342,378,-109,466
260,22,362,-293,-520,-67,386,337,-145,419
289,22,362,-293,-569,-67,298,255,-145,513
260,20,466,-323,-569,-58,430,337,-127,513
260,18,466,-233,-422,-58,386,378,-127,419
260,22,518,-293,-520,-58,342,419,-127,466
202,22,414,-263,-422,-67,254,378,-109,466
289,18,414,-293,-569,-67,386,378,-127,466
260,20,414,-263,-520,-67,342,337,-145,419
289,20,570,-263,-569,-58,254,337,-145,419
231,20,414,-263,-520,-49,386,378,-145,466
260,22,518,-263,-520,-58,386,337,-127,419
260,22,518,-293,-520,-58,342,419,-145,466
231,20,362,-293,-520,-40,298,296,-145,419
231,18,466,-233,-471,-67,386,296,-127,372
260,22,466,-293,-569,-67,386,337,-127,466
260,24,466,-323,-520,-67,386,378,-109,419
289,20,518,-293,-520,-58,430,378,-109,466
231,24,466,-323,-422,-58,386,460,-109,419
289,14,466,-323,-520,-58,342,337,-163,419
260,22,466,-293,-569,-58,430,255,-127,466
289,22,518,-323,-569,-58,430,337,-127,466
289,26,414,-383,-520,-31,342,378,-145,513
260,18,414,-353,-471,-67,342,378,-127,466
231,24,466,-293,-520,-58,342,337,-109,466
260,20,570,-353,-520,-76,342,337,-145,466
231,20,362,-293,-471,-49,298,337,-145,513
202,18,518,-323,-471,-58,386,296,-145,466
231,20,414,-353,-471,-58,298,378,-127,372
260,20,414,-293,-520,-58,430,378,-109,419
202,22,466,-323,-520,-58,342,337,-127,419
202,22,414,-293,-471,-76,342,296,-163,419
260,24,518,-293,-471,-58,430,296,-145,466
231,24,414,-293,-520,-67,386,296,-181,419
289,20,414,-263,-373,-76,430,337,-145,419
318,22,466,-293,-569,-58,386,378,-145,372
231,22,466,-263,-422,-76,342,378,-109,513
231,20,466,-263,-471,-49,298,296,-127,513
231,24,414,-263,-520,-58,342,378,-109,466
202,16,466,-323,-520,-76,342,378,-109,419
231,18,414,-293,-471,-67,298,296,-91,466
231,22,414,-293,-569,-58,386,378,-163,513
289,20,362,-293,-471,-49,386,337,-127,419
231,24,466,-353,-422,-49,342,419,-163,466
260,24,466,-323,-471,-49,386,296,-109,372
289,20,466,-263,-618,-49,386,337,-145,419
289,20,414,-323,-520,-67,342,337,-127,419
202,22,414,-323,-520,-67,298,378,-127,419
260,18,466,-293,-422,-49,342,378,-145,419
260,22,414,-293,-569,-58,342,378,-145,419
231,20,466,-323,-471,-49,386,378,-145,513
231,22,466,-323,-471,-49,298,378,-163,419
202,22,518,-293,-520,-67,342,378,-181,419
231,20,518,-323,-471,-49,386,296,-127,466
289,20,518,-263,-471,-76,386,378,-127,419
260,20,414,-323,-422,-76,430,255,-145,560
260,22,466,-353,-471,-58,386,337,-127,466
260,18,466,-323,-520,-58,430,337,-109,513
231,22,414,-263,-471,-49,386,378,-145,372
202,20,466,-353,-569,-58,342,378,-127,419
231,20,518,-323,-471,-67,386,419,-163,419
260,24,518,-323,-471,-58,342,419,-145,419
260,24,466,-323,-373,-85,386,378,-145,419
260,22,466,-323,-471,-58,342,337,-163,372
231,20,466,-263,-373,-67,386,378,-127,372
231,18,414,-413,-471,-67,386,337,-127,372
231,26,466,-323,-471,-76,342,378,-127,466
260,22,466,-293,-422,-76,298,378,-127,466
289,20,414,-323,-520,-67,342,337,-145,466
231,20,466,-293,-471,-58,386,296,-109,466
260,20,570,-353,-471,-67,342,296,-145,419
202,20,362,-293,-422,-67,430,460,-109,466
231,24,518,-293,-471,-76,430,378,-127,466
289,20,310,-353,-471,-58,386,337,-109,419
260,22,414,-293,-471,-58,298,378,-109,466
231,20,414,-293,-471,-49,342,337,-127,419
231,20,466,-293,-520,-76,386,460,-145,419
231,18,518,-323,-520,-58,342,296,-127,466
318,20,466,-323,-520,-67,342,419,-127,466
202,20,362,-263,-471,-49,342,337,-145,466
260,20,414,-233,-520,-58,342,419,-145,466
231,20,362,-293,-471,-58,474,337,-127,419
260,22,414,-323,-520,-67,342,296,-163,466
231,20,518,-293,-471,-49,430,337,-127,419
202,24,466,-233,-471,-58,386,378,-127,325
260,24,518,-323,-373,-49,254,337,-127,513
260,20,570,-353,-520,-67,342,378,-145,419
260,20,414,-263,-471,-58,386,378,-145,419
260,22,466,-323,-520,-67,342,378,-163,513
231,22,518,-353,-422,-76,386,378,-127,466
260,20,414,-353,-422,-67,386,337,-145,419
231,22,466,-293,-569,-76,254,337,-127,466
231,20,466,-323,-520,-67,474,296,-145,513
347,18,466,-323,-520,-76,342,337,-127,466
289,16,414,-323,-471,-58,298,337,-91,325
231,20,466,-353,-422,-67,386,296,-163,419
202,20,518,-263,-520,-76,430,378,-109,419
289,24,414,-323,-569,-85,386,378,-145,466
260,20,570,-263,-520,-58,298,337,-145,419
289,22,414,-263,-471,-58,386,337,-127,372
231,22,362,-323,-520,-67,298,460,-127,513
231,16,414,-323,-520,-58,386,419,-91,466
289,24,466,-263,-471,-49,342,419,-109,466
260,20,414,-263,-520,-67,254,296,-127,513
202,22,518,-263,-422,-40,430,296,-127,372
231,20,414,-323,-471,-67,342,337,-163,466
231,18,466,-323,-520,-58,386,460,-127,466
260,18,414,-293,-422,-58,342,337,-145,466
202,20,414,-263,-520,-85,386,378,-109,278
260,20,414,-383,-422,-67,298,337,-163,466
202,20,414,-353,-520,-49,430,337,-145,513
231,20,466,-323,-471,-58,254,337,-163,466
231,24,362,-293,-520,-67,298,337,-127,372
231,22,518,-323,-520,-58,386,255,-145,419
202,22,466,-323,-471,-58,342,378,-127,466
202,22,466,-293,-520,-76,342,378,-91,419
289,24,362,-353,-569,-49,342,419,-163,513
231,22,414,-293,-520,-58,386,296,-181,466
260,20,466,-353,-373,-67,386,337,-91,372
289,24,518,-353,-520,-67,386,296,-145,466
260,18,414,-323,-471,-67,342,460,-127,466
289,18,414,-293,-471,-58,342,378,-163,419
202,22,466,-293,-520,-67,386,337,-145,513
202,20,414,-293,-471,-67,474,337,-127,466
231,20,466,-263,-520,-67,386,378,-127,466
260,24,414,-353,-422,-58,298,337,-145,419
231,20,518,-293,-520,-67,430,337,-163,466
231,24,414,-323,-422,-49,386,378,-127,513
231,24,414,-323,-471,-58,342,337,-163,513
231,20,362,-263,-422,-67,254,378,-127,419
231,24,466,-293,-471,-58,342,337,-127,419
318,18,466,-353,-520,-58,342,378,-127,372
231,20,466,-293,-520,-49,342,378,-127,560
260,24,518,-323,-569,-49,430,337,-109,419
231,20,466,-263,-471,-67,298,378,-145,513
260,22,362,-293,-471,-58,342,296,-145,419
231,22,362,-293,-471,-58,342,378,-127,419
231,20,466,-323,-471,-67,298,378,-163,419
289,18,466,-293,-471,-67,386,337,-127,372
202,18,466,-323,-422,-85,342,337,-109,419
231,20,414,-323,-471,-58,342,419,-163,513
289,24,362,-293,-471,-76,430,378,-73,466
231,18,466,-263,-471,-58,342,419,-127,466
260,22,414,-353,-520,-67,386,337,-127,419
202,18,362,-323,-422,-67,254,337,-163,466
260,20,414,-323,-471,-67,474,419,-127,466
231,20,466,-293,-569,-76,298,337,-127,372
231,22,414,-383,-471,-76,342,337,-127,372
260,22,414,-263,-471,-67,474,378,-109,466
260,20,414,-293,-471,-67,386,337,-163,560
260,20,414,-293,-520,-67,342,337,-145,419
260,22,466,-353,-520,-67,342,337,-163,419
231,24,518,-323,-471,-49,342,337,-163,513
289,18,414,-413,-471,-67,386,378,-109,466
260,22,414,-293,-520,-76,254,337,-109,419
231,18,362,-323,-569,-67,342,419,-127,466
289,22,362,-383,-422,-58,342,378,-145,372
231,18,414,-323,-520,-76,430,419,-127,466
202,24,362,-293,-520,-67,298,337,-127,372
260,22,362,-293,-520,-49,342,378,-127,560
260,22,362,-263,-520,-49,430,378,-127,419
260,16,466,-323,-569,-58,298,419,-145,419
231,22,362,-293,-520,-49,386,337,-109,419
260,26,414,-323,-569,-67,386,337,-145,419
260,18,466,-293,-569,-67,518,296,-91,513
260,22,310,-293,-471,-58,386,337,-109,466
202,22,466,-293,-520,-58,386,337,-163,466
202,24,414,-263,-520,-76,298,378,-109,466
260,20,362,-263,-471,-49,298,378,-163,513
231,22,414,-323,-471,-58,298,378,-145,372
231,22,466,-323,-569,-49,342,337,-127,466
231,20,362,-353,-520,-67,386,337,-145,372
260,22,466,-293,-324,-67,386,296,-145,419
231,20,414,-353,-569,-76,430,296,-127,466
289,22,518,-293,-471,-67,342,378,-127,372
231,24,570,-323,-422,-76,386,214,-127,466
231,24,414,-353,-569,-67,342,419,-145,466
289,20,466,-383,-422,-67,430,337,-109,372
231,20,518,-353,-422,-58,342,378,-163,513
202,20,518,-293,-471,-58,342,296,-145,466
260,24,466,-263,-520,-58,386,337,-127,419
260,22,466,-323,-471,-49,342,378,-145,466
231,22,466,-263,-569,-58,342,419,-145,419
260,26,414,-293,-520,-49,342,419,-145,466
260,22,414,-323,-471,-85,342,337,-163,372
231,20,518,-323,-471,-58,342,378,-109,466
231,22,310,-293,-569,-67,342,419,-127,466
202,22,466,-323,-422,-67,298,337,-127,419
289,22,466,-293,-471,-58,342,337,-145,372
231,20,414,-293,-520,-58,386,296,-127,419
260,18,362,-323,-520,-67,386,255,-127,466
231,20,414,-293,-569,-85,298,337,-127,466
289,18,310,-293,-471,-67,342,337,-145,419
260,22,414,-263,-520,-76,342,378,-127,513
231,22,414,-323,-471,-85,342,296,-127,466
260,24,414,-293,-520,-58,298,419,-127,419
260,20,518,-323,-520,-67,386,378,-163,513
231,20,414,-323,-520,-76,386,419,-127,419
231,20,414,-323,-618,-49,298,296,-127,419
231,20,414,-293,-569,-67,386,337,-163,466
231,20,414,-293,-422,-49,298,419,-127,560
231,20,414,-293,-520,-40,342,378,-127,466
289,20,466,-353,-422,-67,430,419,-127,466
231,24,570,-323,-471,-58,342,337,-145,372
231,22,518,-323,-471,-58,386,378,-91,466
231,22,518,-353,-520,-49,430,255,-181,419
231,24,570,-323,-471,-67,430,337,-163,419
231,24,414,-323,-471,-49,386,337,-127,419
231,22,466,-293,-422,-58,386,337,-145,466
260,22,466,-293,-471,-58,342,460,-109,419
260,18,466,-323,-520,-58,342,378,-163,419
202,22,466,-353,-520,-58,342,296,-127,466
231,24,414,-293,-618,-76,342,419,-163,419
231,22,466,-293,-520,-76,254,337,-145,466
231,20,362,-353,-520,-67,386,337,-145,372
202,24,414,-263,-471,-58,342,419,-145,560
231,20,466,-263,-520,-58,342,337,-145,372
231,20,466,-293,-520,-67,386,337,-145,466
231,22,466,-233,-471,-58,298,460,-145,372
260,20,518,-293,-422,-76,298,337,-127,513
260,22,362,-293,-471,-76,386,378,-127,372
260,18,466,-353,-471,-58,430,337,-163,419
260,18,414,-293,-569,-58,342,296,-145,372
260,24,414,-353,-471,-58,342,378,-127,419
231,18,362,-263,-471,-67,386,337,-163,372
260,16,518,-293,-520,-58,386,337,-145,372
231,20,414,-293,-569,-76,430,419,-109,372
231,20,414,-263,-471,-58,342,419,-145,419
260,22,414,-293,-520,-49,386,419,-163,419
260,22,466,-293,-520,-67,386,296,-127,560
202,20,414,-323,-569,-67,342,460,-145,466
289,18,414,-233,-520,-67,342,378,-145,419
202,20,310,-293,-471,-67,342,378,-163,372
231,22,466,-413,-520,-58,386,378,-163,419
231,20,466,-323,-520,-76,298,337,-145,513
260,16,414,-353,-422,-58,342,460,-127,466
260,20,518,-263,-471,-67,386,378,-145,372
231,20,466,-263,-569,-49,430,337,-163,419
318,20,362,-353,-422,-76,254,337,-145,513
231,24,518,-293,-520,-67,342,378,-163,419
231,20,414,-233,-520,-58,298,296,-181,466
260,24,466,-293,-471,-49,254,337,-145,466
173,20,518,-353,-569,-49,386,337,-127,513
202,22,466,-323,-520,-58,342,337,-127,419
231,22,466,-323,-520,-67,342,378,-163,419
260,18,518,-323,-569,-76,386,337,-163,419
260,20,362,-293,-520,-76,430,296,-127,513
289,18,518,-323,-520,-67,386,337,-145,466
231,20,414,-323,-520,-67,386,378,-127,513
260,20,310,-263,-520,-76,342,255,-145,419
231,20,414,-263,-569,-49,342,337,-109,372
289,20,310,-233,-520,-67,386,337,-163,419
260,22,362,-323,-422,-67,342,419,-181,372
231,22,466,-293,-520,-67,430,419,-127,419
202,20,466,-323,-618,-58,386,296,-145,372
260,22,466,-383,-520,-49,342,337,-145,466
260,24,414,-353,-520,-76,342,378,-145,372
260,22,466,-323,-520,-58,342,378,-109,419
260,20,414,-293,-520,-49,342,378,-145,419
260,20,518,-323,-422,-49,342,378,-127,419
260,20,518,-293,-471,-58,386,378,-145,466
260,18,414,-323,-471,-58,386,378,-145,513
231,20,414,-293,-471,-58,474,296,-145,466
231,22,466,-263,-569,-49,386,378,-109,466
289,20,414,-323,-471,-67,386,419,-109,466
260,20,414,-323,-471,-76,430,378,-163,466
260,22,518,-323,-422,-58,430,337,-109,419
260,20,414,-263,-520,-67,342,378,-91,466
260,22,466,-383,-520,-67,386,337,-91,466
260,20,466,-323,-520,-49,298,337,-127,466
289,18,414,-353,-520,-76,430,337,-145,560
231,18,466,-323,-471,-49,386,378,-145,466
231,22,466,-323,-520,-58,386,337,-127,372
231,18,518,-263,-520,-58,342,419,-145,466
231,20,570,-323,-569,-76,342,419,-127,372
289,18,414,-323,-618,-67,298,419,-127,419
289,24,518,-353,-471,-58,342,378,-127,513
260,20,466,-353,-569,-67,342,419,-127,419
231,24,518,-293,-520,-58,386,419,-127,419
289,22,466,-293,-520,-40,342,378,-127,419
231,20,466,-323,-422,-67,430,296,-145,419
231,18,466,-293,-422,-67,298,337,-145,325
231,20,414,-293,-471,-67,386,337,-127,372
289,24,362,-293,-520,-58,342,378,-109,513
231,20,414,-293,-569,-58,254,337,-127,466
202,24,362,-323,-422,-67,342,296,-127,513
260,20,466,-323,-569,-58,386,337,-145,466
260,24,414,-323,-520,-58,342,378,-127,466
260,22,414,-293,-422,-58,386,296,-127,372
260,18,570,-293,-422,-67,342,419,-127,419
260,22,518,-323,-618,-67,342,419,-145,372
231,20,466,-293,-471,-58,386,419,-127,419
260,20,466,-293,-422,-67,342,378,-109,466
289,22,414,-293,-520,-94,386,337,-127,466
144,20,466,-263,-520,-58,386,378,-127,513
231,22,466,-293,-422,-67,298,296,-163,513
289,24,414,-263,-373,-67,342,337,-127,419
231,20,466,-293,-520,-67,474,419,-145,466
260,18,466,-293,-422,-67,342,378,-163,466
231,20,466,-323,-471,-67,254,378,-109,419
231,20,414,-323,-520,-76,386,337,-145,419
260,20,414,-263,-373,-58,298,296,-163,466
202,22,362,-323,-520,-58,298,419,-127,419
289,22,466,-263,-422,-58,430,378,-91,419
202,24,362,-353,-520,-76,342,337,-127,372
202,20,466,-263,-520,-76,430,378,-127,419
260,22,362,-263,-471,-58,386,296,-127,513
260,20,518,-353,-422,-67,298,337,-127,513
260,22,466,-293,-471,-49,386,419,-127,513
260,22,518,-293,-422,-76,430,337,-127,372
260,22,466,-323,-373,-67,430,378,-109,372
